#tally 1
20 2.22308e-05 0.0207
19.953 0.000430797 0.0046
19.055 0.000410314 0.0047
18.197 0.000392944 0.0048
17.378 0.000371458 0.005
16.596 0.000354947 0.0051
15.849 0.000341531 0.0052
15.136 0.000326204 0.0053
14.454 0.000310906 0.0055
13.804 0.00029663 0.0056
13.183 0.000282879 0.0057
12.589 0.000269978 0.0059
12.023 0.000256742 0.006
11.482 0.000246964 0.0061
10.965 0.000233146 0.0063
10.471 0.000222317 0.0065
10 0.00021421 0.0066
9.5499 0.000204985 0.0068
9.1201 0.000194787 0.0069
8.7096 0.000186603 0.0071
8.3176 0.00017733 0.0073
7.9433 0.000167724 0.0075
7.5858 0.000163818 0.0076
7.2444 0.00015721 0.0077
6.9183 0.000147861 0.008
6.6069 0.000141759 0.0081
6.3096 0.000135944 0.0083
6.0256 0.000129641 0.0085
5.7544 0.000125841 0.0087
5.4954 0.000118516 0.0089
5.2481 0.000114334 0.0091
5.0119 0.000107792 0.0094
4.7863 0.00010275 0.0096
4.5709 9.9962e-05 0.0097
4.3652 9.24372e-05 0.0101
4.1687 9.14918e-05 0.0102
3.9811 8.63352e-05 0.0105
3.8019 8.24391e-05 0.0107
3.6308 7.68909e-05 0.0111
3.4674 7.57737e-05 0.0112
3.3113 7.25078e-05 0.0114
3.1623 6.78096e-05 0.0118
3.02 6.42477e-05 0.0122
2.884 6.25001e-05 0.0123
2.7542 5.79642e-05 0.0128
2.6303 5.5491e-05 0.0131
2.5119 5.44596e-05 0.0132
2.3988 5.12606e-05 0.0136
2.2909 4.84627e-05 0.014
2.1878 4.68107e-05 0.0142
2.0893 4.57889e-05 0.0144
1.9953 4.3688e-05 0.0148
1.9055 4.16063e-05 0.0151
1.8197 3.98683e-05 0.0154
1.7378 3.70799e-05 0.016
1.6596 3.5361e-05 0.0164
1.5849 3.43106e-05 0.0167
1.5136 3.20188e-05 0.0172
1.4454 3.10066e-05 0.0175
1.3804 2.96792e-05 0.0179
1.3183 2.98607e-05 0.0179
1.2589 2.65088e-05 0.019
1.2023 2.59932e-05 0.0191
1.1482 2.3921e-05 0.02
1.0965 2.33003e-05 0.0202
1.0471 2.25745e-05 0.0205
1 2.15432e-05 0.021
0.95499 2.09416e-05 0.0213
0.91201 1.93182e-05 0.0222
0.87096 1.86116e-05 0.0226
0.83176 1.83346e-05 0.0228
0.79433 1.79909e-05 0.023
0.75858 1.61574e-05 0.0243
0.72444 1.52311e-05 0.025
0.69183 1.54126e-05 0.0249
0.66069 1.41903e-05 0.0259
0.63096 1.33022e-05 0.0268
0.60256 1.28152e-05 0.0273
0.57544 1.27483e-05 0.0274
0.54954 1.18793e-05 0.0283
0.52481 1.0953e-05 0.0295
0.50119 1.07621e-05 0.0298
0.47863 9.88352e-06 0.0311
0.45709 1.00554e-05 0.0308
0.43652 9.77848e-06 0.0312
0.41687 8.58482e-06 0.0333
0.39811 8.8713e-06 0.0328
0.38019 7.96411e-06 0.0346
0.36308 8.49887e-06 0.0335
0.34674 7.41025e-06 0.0359
0.33113 6.87549e-06 0.0373
0.31623 6.87549e-06 0.0373
0.302 6.24524e-06 0.0391
0.2884 6.102e-06 0.0395
0.27542 5.80597e-06 0.0405
0.26303 5.66273e-06 0.0411
0.25119 5.74868e-06 0.0407
0.23988 5.50994e-06 0.0416
0.22909 4.92744e-06 0.044
0.21878 4.41178e-06 0.0465
0.20893 4.98473e-06 0.0438
0.19953 4.02025e-06 0.0487
0.19055 4.28763e-06 0.0472
0.18197 3.93431e-06 0.0493
0.17378 3.70513e-06 0.0508
0.16596 3.49504e-06 0.0523
0.15849 3.4282e-06 0.0528
0.15136 3.34225e-06 0.0534
0.14454 2.99848e-06 0.0564
0.13804 3.10352e-06 0.0555
0.13183 2.77885e-06 0.0586
0.12589 2.53056e-06 0.0614
0.12023 2.68335e-06 0.0596
0.11482 2.44462e-06 0.0625
0.10965 2.35868e-06 0.0636
0.10471 2.33958e-06 0.0639
0.1 2.32048e-06 0.0641
0.095499 2.13904e-06 0.0668
0.091201 1.98625e-06 0.0693
0.087096 1.82392e-06 0.0724
0.083176 1.75707e-06 0.0737
0.079433 1.59473e-06 0.0774
0.075858 1.58518e-06 0.0776
0.072444 1.32735e-06 0.0848
0.069183 1.28916e-06 0.0861
0.066069 1.28916e-06 0.0861
0.063096 1.45149e-06 0.0811
0.060256 1.18411e-06 0.0898
0.057544 1.12682e-06 0.0921
0.054954 1.14592e-06 0.0913
0.052481 1.00268e-06 0.0976
0.050119 1.12682e-06 0.0921
0.047863 1.06952e-06 0.0945
0.045709 1.05042e-06 0.0953
0.043652 8.88085e-07 0.1037
0.041687 8.40338e-07 0.1066
0.039811 8.49887e-07 0.106
0.038019 7.73493e-07 0.1111
0.036308 8.30789e-07 0.1072
0.034674 7.25747e-07 0.1147
0.033113 6.78e-07 0.1187
0.031623 8.1169e-07 0.1085
0.0302 6.20704e-07 0.124
0.02884 7.44845e-07 0.1132
0.027542 4.77465e-07 0.1414
0.026303 4.29718e-07 0.1491
0.025119 5.92056e-07 0.127
0.023988 5.06113e-07 0.1374
0.022909 4.58366e-07 0.1443
0.021878 5.4431e-07 0.1324
0.020893 4.96563e-07 0.1387
0.019953 4.77465e-07 0.1414
0.019055 4.0107e-07 0.1543
0.018197 4.29718e-07 0.1491
0.017378 3.43775e-07 0.1667
0.016596 2.86479e-07 0.1826
0.015849 4.39268e-07 0.1474
0.015136 3.72423e-07 0.1601
0.014454 3.53324e-07 0.1644
0.013804 3.24676e-07 0.1715
0.013183 2.7693e-07 0.1857
0.012589 1.52789e-07 0.25
0.012023 3.05577e-07 0.1768
0.011482 2.10085e-07 0.2132
0.010965 2.00535e-07 0.2182
0.010471 1.81437e-07 0.2294
0.01 2.00535e-07 0.2182
0.0095499 1.81437e-07 0.2294
0.0091201 1.71887e-07 0.2357
0.0087096 1.71887e-07 0.2357
0.0083176 1.62338e-07 0.2425
0.0079433 1.24141e-07 0.2773
0.0075858 1.3369e-07 0.2673
0.0072444 1.14592e-07 0.2887
0.0069183 9.5493e-08 0.3162
0.0066069 1.3369e-07 0.2673
0.0063096 1.24141e-07 0.2773
0.0060256 1.14592e-07 0.2887
0.0057544 1.71887e-07 0.2357
0.0054954 1.81437e-07 0.2294
0.0052481 1.3369e-07 0.2673
0.0050119 1.14592e-07 0.2887
0.0047863 1.14592e-07 0.2887
0.0045709 1.43239e-07 0.2582
0.0043652 5.72958e-08 0.4082
0.0041687 1.14592e-07 0.2887
0.0039811 7.63944e-08 0.3536
0.0038019 9.5493e-08 0.3162
0.0036308 3.81972e-08 0.5
0.0034674 8.59437e-08 0.3333
0.0033113 5.72958e-08 0.4082
0.0031623 5.72958e-08 0.4082
0.0030199 1.05042e-07 0.3015
0.002884 8.59437e-08 0.3333
0.0027542 5.72958e-08 0.4082
0.0026303 3.81972e-08 0.5
0.0025119 7.63944e-08 0.3536
0.0023988 6.68451e-08 0.378
0.0022909 2.86479e-08 0.5773
0.0021878 2.86479e-08 0.5773
0.0020893 3.81972e-08 0.5
0.0019953 5.72958e-08 0.4082
0.0019055 5.72958e-08 0.4082
0.0018197 2.86479e-08 0.5773
0.0017378 4.77465e-08 0.4472
0.0016596 2.86479e-08 0.5773
0.0015849 5.72958e-08 0.4082
0.0015136 1.90986e-08 0.7071
0.0014454 3.81972e-08 0.5
0.0013804 2.86479e-08 0.5773
0.0013183 1.90986e-08 0.7071
0.0012589 1.90986e-08 0.7071
0.0012023 5.72958e-08 0.4082
0.0011481 1.90986e-08 0.7071
0.0010965 9.5493e-09 1
0.0010471 9.5493e-09 1
0.001 1.90986e-08 0.7071
0.00095499 0 0
0.00091201 9.5493e-09 1
0.00087096 4.77465e-08 0.4472
0.00083176 0 0
0.00079433 0 0
0.00075858 1.90986e-08 0.7071
0.00072444 2.86479e-08 0.5773
0.00069183 1.90986e-08 0.7071
0.00066069 0 0
0.00063096 0 0
0.00060256 1.90986e-08 0.7071
0.00057544 2.86479e-08 0.5773
0.00054954 0 0
0.00052481 1.90986e-08 0.7071
0.00050119 1.90986e-08 0.7071
0.00047863 1.90986e-08 0.7071
0.00045709 1.90986e-08 0.7071
0.00043652 9.5493e-09 1
0.00041687 0 0
0.00039811 9.5493e-09 1
0.00038019 9.5493e-09 1
0.00036308 0 0
0.00034674 9.5493e-09 1
0.00033113 9.5493e-09 1
0.00031623 9.5493e-09 1
0.00030199 0 0
0.0002884 0 0
0.00027542 0 0
0.00026303 9.5493e-09 1
0.00025119 9.5493e-09 1
0.00023988 9.5493e-09 1
0.00022909 0 0
0.00021878 0 0
0.00020893 9.5493e-09 1
0.00019953 0 0
0.00019055 9.5493e-09 1
0.00018197 0 0
0.00017378 0 0
0.00016596 0 0
0.00015849 0 0
0.00015136 9.5493e-09 1
0.00014454 0 0
0.00013804 9.5493e-09 1
0.00013183 9.5493e-09 1
0.00012589 1.90986e-08 0.7071
0.00012023 0 0
0.00011482 0 0
0.00010965 0 0
0.00010471 0 0
0.0001 0 0
9.5499e-05 0 0
9.1201e-05 0 0
8.7096e-05 0 0
8.3176e-05 0 0
7.9433e-05 0 0
7.5858e-05 0 0
7.2444e-05 0 0
6.9183e-05 0 0
6.6069e-05 0 0
6.3096e-05 0 0
6.0256e-05 0 0
5.7544e-05 9.5493e-09 1
5.4954e-05 0 0
5.2481e-05 0 0
5.0119e-05 9.5493e-09 1
4.7863e-05 9.5493e-09 1
4.5709e-05 0 0
4.3652e-05 0 0
4.1687e-05 0 0
3.9811e-05 0 0
3.8019e-05 0 0
3.6308e-05 0 0
3.4674e-05 0 0
3.3113e-05 0 0
3.1623e-05 0 0
3.02e-05 0 0
2.884e-05 0 0
2.7542e-05 0 0
2.6303e-05 0 0
2.5119e-05 0 0
2.3988e-05 0 0
2.2909e-05 0 0
2.1878e-05 0 0
2.0893e-05 0 0
1.9953e-05 0 0
1.9055e-05 0 0
1.8197e-05 0 0
1.7378e-05 0 0
1.6596e-05 0 0
1.5849e-05 0 0
1.5136e-05 0 0
1.4454e-05 0 0
1.3804e-05 0 0
1.3183e-05 0 0
1.2589e-05 9.5493e-09 1
1.2023e-05 0 0
1.1482e-05 0 0
1.0965e-05 0 0
1.0471e-05 0 0
1e-05 0 0
9.5499e-06 0 0
9.1201e-06 0 0
8.7096e-06 0 0
8.3176e-06 0 0
7.9433e-06 0 0
7.5858e-06 0 0
7.2444e-06 0 0
6.9183e-06 0 0
6.6069e-06 0 0
6.3096e-06 0 0
6.0256e-06 0 0
5.7544e-06 0 0
5.4954e-06 0 0
5.2481e-06 0 0
5.0119e-06 0 0
4.7863e-06 0 0
4.5709e-06 0 0
4.3652e-06 0 0
4.1687e-06 0 0
3.9811e-06 0 0
3.8019e-06 0 0
3.6308e-06 0 0
3.4674e-06 0 0
3.3113e-06 0 0
3.1623e-06 0 0
3.02e-06 0 0
2.884e-06 0 0
2.7542e-06 0 0
2.6303e-06 0 0
2.5119e-06 0 0
2.3988e-06 0 0
2.2909e-06 0 0
2.1878e-06 0 0
2.0893e-06 0 0
1.9953e-06 0 0
1.9055e-06 0 0
1.8197e-06 0 0
1.7378e-06 0 0
1.6596e-06 0 0
1.5849e-06 0 0
1.5136e-06 0 0
1.4454e-06 0 0
1.3804e-06 0 0
1.3183e-06 0 0
1.2589e-06 0 0
1.2023e-06 0 0
1.1481e-06 0 0
1.0965e-06 0 0
1.0471e-06 0 0
1e-06 0 0
9.5499e-07 0 0
9.1201e-07 0 0
8.7096e-07 0 0
8.3176e-07 0 0
7.9433e-07 0 0
7.5858e-07 0 0
7.2444e-07 0 0
6.9183e-07 0 0
6.6069e-07 0 0
6.3096e-07 0 0
6.0256e-07 0 0
5.7544e-07 0 0
5.4954e-07 0 0
5.2481e-07 0 0
5.0119e-07 9.5493e-09 1
4.7863e-07 0 0
4.5709e-07 0 0
4.3652e-07 0 0
4.1687e-07 0 0
3.9811e-07 0 0
3.8019e-07 0 0
3.6308e-07 0 0
3.4674e-07 0 0
3.3113e-07 0 0
3.1623e-07 0 0
3.0199e-07 0 0
2.884e-07 0 0
2.7542e-07 0 0
2.6303e-07 0 0
2.5119e-07 0 0
2.3988e-07 0 0
2.2909e-07 0 0
2.1878e-07 0 0
2.0893e-07 0 0
1.9953e-07 0 0
1.9055e-07 0 0
1.8197e-07 0 0
1.7378e-07 0 0
1.6596e-07 0 0
1.5849e-07 0 0
1.5136e-07 0 0
1.4454e-07 0 0
1.3804e-07 0 0
1.3183e-07 0 0
1.2589e-07 0 0
1.2023e-07 0 0
1.1481e-07 0 0
1.0965e-07 0 0
1.0471e-07 0 0
1e-07 0 0
9.5499e-08 0 0
9.1201e-08 0 0
8.7096e-08 0 0
8.3176e-08 0 0
7.9433e-08 0 0
7.5858e-08 0 0
7.2444e-08 0 0
6.9183e-08 0 0
6.6069e-08 0 0
6.3096e-08 0 0
6.0256e-08 0 0
5.7544e-08 0 0
5.4954e-08 0 0
5.2481e-08 0 0
5.0119e-08 0 0
4.7863e-08 0 0
4.5709e-08 0 0
4.3652e-08 0 0
4.1687e-08 0 0
3.9811e-08 0 0
3.8019e-08 0 0
3.6308e-08 0 0
3.4674e-08 0 0
3.3113e-08 0 0
3.1623e-08 0 0
3.0199e-08 0 0
2.884e-08 0 0
2.7542e-08 0 0
2.6303e-08 0 0
2.5119e-08 0 0
2.3988e-08 0 0
2.2909e-08 0 0
2.1878e-08 0 0
2.0893e-08 0 0
1.9953e-08 0 0
1.9055e-08 0 0
1.8197e-08 0 0
1.7378e-08 0 0
1.6596e-08 0 0
1.5849e-08 0 0
1.5136e-08 0 0
1.4454e-08 0 0
1.3804e-08 0 0
1.3183e-08 0 0
1.2589e-08 0 0
1.2023e-08 0 0
1.1481e-08 0 0
1.0965e-08 0 0
1.0471e-08 0 0
1e-08 0 0
9.5499e-09 0 0
9.1201e-09 0 0
8.7096e-09 0 0
8.3176e-09 0 0
7.9433e-09 0 0
7.5858e-09 0 0
7.2444e-09 0 0
6.9183e-09 0 0
6.6069e-09 0 0
6.3096e-09 0 0
6.0256e-09 0 0
5.7544e-09 0 0
5.4954e-09 0 0
5.2481e-09 0 0
5.0119e-09 0 0
4.7863e-09 0 0
4.5709e-09 0 0
4.3652e-09 0 0
4.1687e-09 0 0
3.9811e-09 0 0
3.8019e-09 0 0
3.6308e-09 0 0
3.4674e-09 0 0
3.3113e-09 0 0
3.1623e-09 0 0
3.02e-09 0 0
2.884e-09 0 0
2.7542e-09 0 0
2.6303e-09 0 0
2.5119e-09 0 0
2.3988e-09 0 0
2.2909e-09 0 0
2.1878e-09 0 0
2.0893e-09 0 0
1.9953e-09 0 0
1.9055e-09 0 0
1.8197e-09 0 0
1.7378e-09 0 0
1.6596e-09 0 0
1.5849e-09 0 0
1.5136e-09 0 0
1.4454e-09 0 0
1.3804e-09 0 0
1.3183e-09 0 0
1.2589e-09 0 0
1.2023e-09 0 0
1.1482e-09 0 0
1.0965e-09 0 0
1.0471e-09 0 0
1e-09 0 0
9.5499e-10 0 0
9.1201e-10 0 0
8.7096e-10 0 0
8.3176e-10 0 0
7.9433e-10 0 0
7.5858e-10 0 0
7.2444e-10 0 0
6.9183e-10 0 0
6.6069e-10 0 0
6.3096e-10 0 0
6.0256e-10 0 0
5.7544e-10 0 0
5.4954e-10 0 0
5.2481e-10 0 0
5.0119e-10 0 0
4.7863e-10 0 0
4.5709e-10 0 0
4.3652e-10 0 0
4.1687e-10 0 0
3.9811e-10 0 0
3.8019e-10 0 0
3.6308e-10 0 0
3.4674e-10 0 0
3.3113e-10 0 0
3.1623e-10 0 0
3.0199e-10 0 0
2.884e-10 0 0
2.7542e-10 0 0
2.6303e-10 0 0
2.5119e-10 0 0
2.3988e-10 0 0
2.2909e-10 0 0
2.1878e-10 0 0
2.0893e-10 0 0
1.9953e-10 0 0
1.9055e-10 0 0
1.8197e-10 0 0
1.7378e-10 0 0
1.6596e-10 0 0
1.5849e-10 0 0
1.5136e-10 0 0
1.4454e-10 0 0
1.3804e-10 0 0
1.3183e-10 0 0
1.2589e-10 0 0
1.2023e-10 0 0
1.1482e-10 0 0
1.0965e-10 0 0
1.0471e-10 0 0
1e-10 0 0
9.5499e-11 0 0
9.1201e-11 0 0
8.7096e-11 0 0
8.3176e-11 0 0
7.9433e-11 0 0
7.5858e-11 0 0
7.2444e-11 0 0
6.9183e-11 0 0
6.6069e-11 0 0
6.3096e-11 0 0
6.0256e-11 0 0
5.7544e-11 0 0
5.4954e-11 0 0
5.2481e-11 0 0
5.0119e-11 0 0
4.7863e-11 0 0
4.5709e-11 0 0
4.3652e-11 0 0
4.1687e-11 0 0
3.9811e-11 0 0
3.8019e-11 0 0
3.6308e-11 0 0
3.4674e-11 0 0
3.3113e-11 0 0
3.1623e-11 0 0
3.0199e-11 0 0
2.884e-11 0 0
2.7542e-11 0 0
2.6303e-11 0 0
2.5119e-11 0 0
2.3988e-11 0 0
2.2909e-11 0 0
2.1878e-11 0 0
2.0893e-11 0 0
1.9953e-11 0 0
1.9055e-11 0 0
1.8197e-11 0 0
1.7378e-11 0 0
1.6596e-11 0 0
1.5849e-11 0 0
1.5136e-11 0 0
1.4454e-11 0 0
1.3804e-11 0 0
1.3183e-11 0 0
1.2589e-11 0 0
1.2023e-11 0 0
1.1482e-11 0 0
1.0965e-11 0 0
1.0471e-11 0 0
#tally 2
20 3.17582e-06 0.0207
19.953 6.15425e-05 0.0046
19.055 5.86163e-05 0.0047
18.197 5.61349e-05 0.0048
17.378 5.30654e-05 0.005
16.596 5.07068e-05 0.0051
15.849 4.87901e-05 0.0052
15.136 4.66006e-05 0.0053
14.454 4.44151e-05 0.0055
13.804 4.23757e-05 0.0056
13.183 4.04113e-05 0.0057
12.589 3.85682e-05 0.0059
12.023 3.66775e-05 0.006
11.482 3.52806e-05 0.0061
10.965 3.33066e-05 0.0063
10.471 3.17596e-05 0.0065
10 3.06014e-05 0.0066
9.5499 2.92836e-05 0.0068
9.1201 2.78267e-05 0.0069
8.7096 2.66575e-05 0.0071
8.3176 2.53329e-05 0.0073
7.9433 2.39605e-05 0.0075
7.5858 2.34026e-05 0.0076
7.2444 2.24586e-05 0.0077
6.9183 2.1123e-05 0.008
6.6069 2.02513e-05 0.0081
6.3096 1.94205e-05 0.0083
6.0256 1.85202e-05 0.0085
5.7544 1.79772e-05 0.0087
5.4954 1.69309e-05 0.0089
5.2481 1.63334e-05 0.0091
5.0119 1.53989e-05 0.0094
4.7863 1.46786e-05 0.0096
4.5709 1.42803e-05 0.0097
4.3652 1.32053e-05 0.0101
4.1687 1.30703e-05 0.0102
3.9811 1.23336e-05 0.0105
3.8019 1.1777e-05 0.0107
3.6308 1.09844e-05 0.0111
3.4674 1.08248e-05 0.0112
3.3113 1.03583e-05 0.0114
3.1623 9.68708e-06 0.0118
3.02 9.17824e-06 0.0122
2.884 8.92859e-06 0.0123
2.7542 8.2806e-06 0.0128
2.6303 7.92728e-06 0.0131
2.5119 7.77995e-06 0.0132
2.3988 7.32295e-06 0.0136
2.2909 6.92324e-06 0.014
2.1878 6.68724e-06 0.0142
2.0893 6.54127e-06 0.0144
1.9953 6.24115e-06 0.0148
1.9055 5.94376e-06 0.0151
1.8197 5.69547e-06 0.0154
1.7378 5.29713e-06 0.016
1.6596 5.05158e-06 0.0164
1.5849 4.90152e-06 0.0167
1.5136 4.57411e-06 0.0172
1.4454 4.42951e-06 0.0175
1.3804 4.23989e-06 0.0179
1.3183 4.26581e-06 0.0179
1.2589 3.78698e-06 0.019
1.2023 3.71331e-06 0.0191
1.1482 3.41728e-06 0.02
1.0965 3.32861e-06 0.0202
1.0471 3.22493e-06 0.0205
1 3.0776e-06 0.021
0.95499 2.99166e-06 0.0213
0.91201 2.75975e-06 0.0222
0.87096 2.6588e-06 0.0226
0.83176 2.61924e-06 0.0228
0.79433 2.57012e-06 0.023
0.75858 2.3082e-06 0.0243
0.72444 2.17588e-06 0.025
0.69183 2.20179e-06 0.0249
0.66069 2.02718e-06 0.0259
0.63096 1.90031e-06 0.0268
0.60256 1.83074e-06 0.0273
0.57544 1.82119e-06 0.0274
0.54954 1.69705e-06 0.0283
0.52481 1.56472e-06 0.0295
0.50119 1.53744e-06 0.0298
0.47863 1.41193e-06 0.0311
0.45709 1.43649e-06 0.0308
0.43652 1.39693e-06 0.0312
0.41687 1.2264e-06 0.0333
0.39811 1.26733e-06 0.0328
0.38019 1.13773e-06 0.0346
0.36308 1.21412e-06 0.0335
0.34674 1.05861e-06 0.0359
0.33113 9.82213e-07 0.0373
0.31623 9.82213e-07 0.0373
0.302 8.92177e-07 0.0391
0.2884 8.71714e-07 0.0395
0.27542 8.29425e-07 0.0405
0.26303 8.08962e-07 0.0411
0.25119 8.2124e-07 0.0407
0.23988 7.87135e-07 0.0416
0.22909 7.0392e-07 0.044
0.21878 6.30254e-07 0.0465
0.20893 7.12105e-07 0.0438
0.19953 5.74322e-07 0.0487
0.19055 6.12519e-07 0.0472
0.18197 5.62044e-07 0.0493
0.17378 5.29304e-07 0.0508
0.16596 4.99292e-07 0.0523
0.15849 4.89742e-07 0.0528
0.15136 4.77465e-07 0.0534
0.14454 4.28354e-07 0.0564
0.13804 4.4336e-07 0.0555
0.13183 3.96978e-07 0.0586
0.12589 3.61509e-07 0.0614
0.12023 3.83336e-07 0.0596
0.11482 3.49231e-07 0.0625
0.10965 3.36954e-07 0.0636
0.10471 3.34225e-07 0.0639
0.1 3.31497e-07 0.0641
0.095499 3.05577e-07 0.0668
0.091201 2.83751e-07 0.0693
0.087096 2.60559e-07 0.0724
0.083176 2.5101e-07 0.0737
0.079433 2.27819e-07 0.0774
0.075858 2.26455e-07 0.0776
0.072444 1.89622e-07 0.0848
0.069183 1.84165e-07 0.0861
0.066069 1.84165e-07 0.0861
0.063096 2.07356e-07 0.0811
0.060256 1.69159e-07 0.0898
0.057544 1.60974e-07 0.0921
0.054954 1.63702e-07 0.0913
0.052481 1.43239e-07 0.0976
0.050119 1.60974e-07 0.0921
0.047863 1.52789e-07 0.0945
0.045709 1.5006e-07 0.0953
0.043652 1.26869e-07 0.1037
0.041687 1.20048e-07 0.1066
0.039811 1.21412e-07 0.106
0.038019 1.10499e-07 0.1111
0.036308 1.18684e-07 0.1072
0.034674 1.03678e-07 0.1147
0.033113 9.68572e-08 0.1187
0.031623 1.15956e-07 0.1085
0.0302 8.8672e-08 0.124
0.02884 1.06406e-07 0.1132
0.027542 6.82093e-08 0.1414
0.026303 6.13883e-08 0.1491
0.025119 8.45795e-08 0.127
0.023988 7.23018e-08 0.1374
0.022909 6.54809e-08 0.1443
0.021878 7.77586e-08 0.1324
0.020893 7.09376e-08 0.1387
0.019953 6.82093e-08 0.1414
0.019055 5.72958e-08 0.1543
0.018197 6.13883e-08 0.1491
0.017378 4.91107e-08 0.1667
0.016596 4.09256e-08 0.1826
0.015849 6.27525e-08 0.1474
0.015136 5.32032e-08 0.1601
0.014454 5.04749e-08 0.1644
0.013804 4.63823e-08 0.1715
0.013183 3.95614e-08 0.1857
0.012589 2.1827e-08 0.25
0.012023 4.36539e-08 0.1768
0.011482 3.00121e-08 0.2132
0.010965 2.86479e-08 0.2182
0.010471 2.59195e-08 0.2294
0.01 2.86479e-08 0.2182
0.0095499 2.59195e-08 0.2294
0.0091201 2.45553e-08 0.2357
0.0087096 2.45553e-08 0.2357
0.0083176 2.31911e-08 0.2425
0.0079433 1.77344e-08 0.2773
0.0075858 1.90986e-08 0.2673
0.0072444 1.63702e-08 0.2887
0.0069183 1.36419e-08 0.3162
0.0066069 1.90986e-08 0.2673
0.0063096 1.77344e-08 0.2773
0.0060256 1.63702e-08 0.2887
0.0057544 2.45553e-08 0.2357
0.0054954 2.59195e-08 0.2294
0.0052481 1.90986e-08 0.2673
0.0050119 1.63702e-08 0.2887
0.0047863 1.63702e-08 0.2887
0.0045709 2.04628e-08 0.2582
0.0043652 8.18511e-09 0.4082
0.0041687 1.63702e-08 0.2887
0.0039811 1.09135e-08 0.3536
0.0038019 1.36419e-08 0.3162
0.0036308 5.45674e-09 0.5
0.0034674 1.22777e-08 0.3333
0.0033113 8.18511e-09 0.4082
0.0031623 8.18511e-09 0.4082
0.0030199 1.5006e-08 0.3015
0.002884 1.22777e-08 0.3333
0.0027542 8.18511e-09 0.4082
0.0026303 5.45674e-09 0.5
0.0025119 1.09135e-08 0.3536
0.0023988 9.5493e-09 0.378
0.0022909 4.09256e-09 0.5773
0.0021878 4.09256e-09 0.5773
0.0020893 5.45674e-09 0.5
0.0019953 8.18511e-09 0.4082
0.0019055 8.18511e-09 0.4082
0.0018197 4.09256e-09 0.5773
0.0017378 6.82093e-09 0.4472
0.0016596 4.09256e-09 0.5773
0.0015849 8.18511e-09 0.4082
0.0015136 2.72837e-09 0.7071
0.0014454 5.45674e-09 0.5
0.0013804 4.09256e-09 0.5773
0.0013183 2.72837e-09 0.7071
0.0012589 2.72837e-09 0.7071
0.0012023 8.18511e-09 0.4082
0.0011481 2.72837e-09 0.7071
0.0010965 1.36419e-09 1
0.0010471 1.36419e-09 1
0.001 2.72837e-09 0.7071
0.00095499 0 0
0.00091201 1.36419e-09 1
0.00087096 6.82093e-09 0.4472
0.00083176 0 0
0.00079433 0 0
0.00075858 2.72837e-09 0.7071
0.00072444 4.09256e-09 0.5773
0.00069183 2.72837e-09 0.7071
0.00066069 0 0
0.00063096 0 0
0.00060256 2.72837e-09 0.7071
0.00057544 4.09256e-09 0.5773
0.00054954 0 0
0.00052481 2.72837e-09 0.7071
0.00050119 2.72837e-09 0.7071
0.00047863 2.72837e-09 0.7071
0.00045709 2.72837e-09 0.7071
0.00043652 1.36419e-09 1
0.00041687 0 0
0.00039811 1.36419e-09 1
0.00038019 1.36419e-09 1
0.00036308 0 0
0.00034674 1.36419e-09 1
0.00033113 1.36419e-09 1
0.00031623 1.36419e-09 1
0.00030199 0 0
0.0002884 0 0
0.00027542 0 0
0.00026303 1.36419e-09 1
0.00025119 1.36419e-09 1
0.00023988 1.36419e-09 1
0.00022909 0 0
0.00021878 0 0
0.00020893 1.36419e-09 1
0.00019953 0 0
0.00019055 1.36419e-09 1
0.00018197 0 0
0.00017378 0 0
0.00016596 0 0
0.00015849 0 0
0.00015136 1.36419e-09 1
0.00014454 0 0
0.00013804 1.36419e-09 1
0.00013183 1.36419e-09 1
0.00012589 2.72837e-09 0.7071
0.00012023 0 0
0.00011482 0 0
0.00010965 0 0
0.00010471 0 0
0.0001 0 0
9.5499e-05 0 0
9.1201e-05 0 0
8.7096e-05 0 0
8.3176e-05 0 0
7.9433e-05 0 0
7.5858e-05 0 0
7.2444e-05 0 0
6.9183e-05 0 0
6.6069e-05 0 0
6.3096e-05 0 0
6.0256e-05 0 0
5.7544e-05 1.36419e-09 1
5.4954e-05 0 0
5.2481e-05 0 0
5.0119e-05 1.36419e-09 1
4.7863e-05 1.36419e-09 1
4.5709e-05 0 0
4.3652e-05 0 0
4.1687e-05 0 0
3.9811e-05 0 0
3.8019e-05 0 0
3.6308e-05 0 0
3.4674e-05 0 0
3.3113e-05 0 0
3.1623e-05 0 0
3.02e-05 0 0
2.884e-05 0 0
2.7542e-05 0 0
2.6303e-05 0 0
2.5119e-05 0 0
2.3988e-05 0 0
2.2909e-05 0 0
2.1878e-05 0 0
2.0893e-05 0 0
1.9953e-05 0 0
1.9055e-05 0 0
1.8197e-05 0 0
1.7378e-05 0 0
1.6596e-05 0 0
1.5849e-05 0 0
1.5136e-05 0 0
1.4454e-05 0 0
1.3804e-05 0 0
1.3183e-05 0 0
1.2589e-05 1.36419e-09 1
1.2023e-05 0 0
1.1482e-05 0 0
1.0965e-05 0 0
1.0471e-05 0 0
1e-05 0 0
9.5499e-06 0 0
9.1201e-06 0 0
8.7096e-06 0 0
8.3176e-06 0 0
7.9433e-06 0 0
7.5858e-06 0 0
7.2444e-06 0 0
6.9183e-06 0 0
6.6069e-06 0 0
6.3096e-06 0 0
6.0256e-06 0 0
5.7544e-06 0 0
5.4954e-06 0 0
5.2481e-06 0 0
5.0119e-06 0 0
4.7863e-06 0 0
4.5709e-06 0 0
4.3652e-06 0 0
4.1687e-06 0 0
3.9811e-06 0 0
3.8019e-06 0 0
3.6308e-06 0 0
3.4674e-06 0 0
3.3113e-06 0 0
3.1623e-06 0 0
3.02e-06 0 0
2.884e-06 0 0
2.7542e-06 0 0
2.6303e-06 0 0
2.5119e-06 0 0
2.3988e-06 0 0
2.2909e-06 0 0
2.1878e-06 0 0
2.0893e-06 0 0
1.9953e-06 0 0
1.9055e-06 0 0
1.8197e-06 0 0
1.7378e-06 0 0
1.6596e-06 0 0
1.5849e-06 0 0
1.5136e-06 0 0
1.4454e-06 0 0
1.3804e-06 0 0
1.3183e-06 0 0
1.2589e-06 0 0
1.2023e-06 0 0
1.1481e-06 0 0
1.0965e-06 0 0
1.0471e-06 0 0
1e-06 0 0
9.5499e-07 0 0
9.1201e-07 0 0
8.7096e-07 0 0
8.3176e-07 0 0
7.9433e-07 0 0
7.5858e-07 0 0
7.2444e-07 0 0
6.9183e-07 0 0
6.6069e-07 0 0
6.3096e-07 0 0
6.0256e-07 0 0
5.7544e-07 0 0
5.4954e-07 0 0
5.2481e-07 0 0
5.0119e-07 1.36419e-09 1
4.7863e-07 0 0
4.5709e-07 0 0
4.3652e-07 0 0
4.1687e-07 0 0
3.9811e-07 0 0
3.8019e-07 0 0
3.6308e-07 0 0
3.4674e-07 0 0
3.3113e-07 0 0
3.1623e-07 0 0
3.0199e-07 0 0
2.884e-07 0 0
2.7542e-07 0 0
2.6303e-07 0 0
2.5119e-07 0 0
2.3988e-07 0 0
2.2909e-07 0 0
2.1878e-07 0 0
2.0893e-07 0 0
1.9953e-07 0 0
1.9055e-07 0 0
1.8197e-07 0 0
1.7378e-07 0 0
1.6596e-07 0 0
1.5849e-07 0 0
1.5136e-07 0 0
1.4454e-07 0 0
1.3804e-07 0 0
1.3183e-07 0 0
1.2589e-07 0 0
1.2023e-07 0 0
1.1481e-07 0 0
1.0965e-07 0 0
1.0471e-07 0 0
1e-07 0 0
9.5499e-08 0 0
9.1201e-08 0 0
8.7096e-08 0 0
8.3176e-08 0 0
7.9433e-08 0 0
7.5858e-08 0 0
7.2444e-08 0 0
6.9183e-08 0 0
6.6069e-08 0 0
6.3096e-08 0 0
6.0256e-08 0 0
5.7544e-08 0 0
5.4954e-08 0 0
5.2481e-08 0 0
5.0119e-08 0 0
4.7863e-08 0 0
4.5709e-08 0 0
4.3652e-08 0 0
4.1687e-08 0 0
3.9811e-08 0 0
3.8019e-08 0 0
3.6308e-08 0 0
3.4674e-08 0 0
3.3113e-08 0 0
3.1623e-08 0 0
3.0199e-08 0 0
2.884e-08 0 0
2.7542e-08 0 0
2.6303e-08 0 0
2.5119e-08 0 0
2.3988e-08 0 0
2.2909e-08 0 0
2.1878e-08 0 0
2.0893e-08 0 0
1.9953e-08 0 0
1.9055e-08 0 0
1.8197e-08 0 0
1.7378e-08 0 0
1.6596e-08 0 0
1.5849e-08 0 0
1.5136e-08 0 0
1.4454e-08 0 0
1.3804e-08 0 0
1.3183e-08 0 0
1.2589e-08 0 0
1.2023e-08 0 0
1.1481e-08 0 0
1.0965e-08 0 0
1.0471e-08 0 0
1e-08 0 0
9.5499e-09 0 0
9.1201e-09 0 0
8.7096e-09 0 0
8.3176e-09 0 0
7.9433e-09 0 0
7.5858e-09 0 0
7.2444e-09 0 0
6.9183e-09 0 0
6.6069e-09 0 0
6.3096e-09 0 0
6.0256e-09 0 0
5.7544e-09 0 0
5.4954e-09 0 0
5.2481e-09 0 0
5.0119e-09 0 0
4.7863e-09 0 0
4.5709e-09 0 0
4.3652e-09 0 0
4.1687e-09 0 0
3.9811e-09 0 0
3.8019e-09 0 0
3.6308e-09 0 0
3.4674e-09 0 0
3.3113e-09 0 0
3.1623e-09 0 0
3.02e-09 0 0
2.884e-09 0 0
2.7542e-09 0 0
2.6303e-09 0 0
2.5119e-09 0 0
2.3988e-09 0 0
2.2909e-09 0 0
2.1878e-09 0 0
2.0893e-09 0 0
1.9953e-09 0 0
1.9055e-09 0 0
1.8197e-09 0 0
1.7378e-09 0 0
1.6596e-09 0 0
1.5849e-09 0 0
1.5136e-09 0 0
1.4454e-09 0 0
1.3804e-09 0 0
1.3183e-09 0 0
1.2589e-09 0 0
1.2023e-09 0 0
1.1482e-09 0 0
1.0965e-09 0 0
1.0471e-09 0 0
1e-09 0 0
9.5499e-10 0 0
9.1201e-10 0 0
8.7096e-10 0 0
8.3176e-10 0 0
7.9433e-10 0 0
7.5858e-10 0 0
7.2444e-10 0 0
6.9183e-10 0 0
6.6069e-10 0 0
6.3096e-10 0 0
6.0256e-10 0 0
5.7544e-10 0 0
5.4954e-10 0 0
5.2481e-10 0 0
5.0119e-10 0 0
4.7863e-10 0 0
4.5709e-10 0 0
4.3652e-10 0 0
4.1687e-10 0 0
3.9811e-10 0 0
3.8019e-10 0 0
3.6308e-10 0 0
3.4674e-10 0 0
3.3113e-10 0 0
3.1623e-10 0 0
3.0199e-10 0 0
2.884e-10 0 0
2.7542e-10 0 0
2.6303e-10 0 0
2.5119e-10 0 0
2.3988e-10 0 0
2.2909e-10 0 0
2.1878e-10 0 0
2.0893e-10 0 0
1.9953e-10 0 0
1.9055e-10 0 0
1.8197e-10 0 0
1.7378e-10 0 0
1.6596e-10 0 0
1.5849e-10 0 0
1.5136e-10 0 0
1.4454e-10 0 0
1.3804e-10 0 0
1.3183e-10 0 0
1.2589e-10 0 0
1.2023e-10 0 0
1.1482e-10 0 0
1.0965e-10 0 0
1.0471e-10 0 0
1e-10 0 0
9.5499e-11 0 0
9.1201e-11 0 0
8.7096e-11 0 0
8.3176e-11 0 0
7.9433e-11 0 0
7.5858e-11 0 0
7.2444e-11 0 0
6.9183e-11 0 0
6.6069e-11 0 0
6.3096e-11 0 0
6.0256e-11 0 0
5.7544e-11 0 0
5.4954e-11 0 0
5.2481e-11 0 0
5.0119e-11 0 0
4.7863e-11 0 0
4.5709e-11 0 0
4.3652e-11 0 0
4.1687e-11 0 0
3.9811e-11 0 0
3.8019e-11 0 0
3.6308e-11 0 0
3.4674e-11 0 0
3.3113e-11 0 0
3.1623e-11 0 0
3.0199e-11 0 0
2.884e-11 0 0
2.7542e-11 0 0
2.6303e-11 0 0
2.5119e-11 0 0
2.3988e-11 0 0
2.2909e-11 0 0
2.1878e-11 0 0
2.0893e-11 0 0
1.9953e-11 0 0
1.9055e-11 0 0
1.8197e-11 0 0
1.7378e-11 0 0
1.6596e-11 0 0
1.5849e-11 0 0
1.5136e-11 0 0
1.4454e-11 0 0
1.3804e-11 0 0
1.3183e-11 0 0
1.2589e-11 0 0
1.2023e-11 0 0
1.1482e-11 0 0
1.0965e-11 0 0
1.0471e-11 0 0
#tally 4
20 6.00831e-07 0.0207
19.953 1.16432e-05 0.0046
19.055 1.10896e-05 0.0047
18.197 1.06201e-05 0.0048
17.378 1.00394e-05 0.005
16.596 9.59317e-06 0.0051
15.849 9.23056e-06 0.0052
15.136 8.81632e-06 0.0053
14.454 8.40286e-06 0.0055
13.804 8.01702e-06 0.0056
13.183 7.64537e-06 0.0057
12.589 7.29669e-06 0.0059
12.023 6.93898e-06 0.006
11.482 6.6747e-06 0.0061
10.965 6.30125e-06 0.0063
10.471 6.00857e-06 0.0065
10 5.78945e-06 0.0066
9.5499 5.54014e-06 0.0068
9.1201 5.2645e-06 0.0069
8.7096 5.04332e-06 0.0071
8.3176 4.79271e-06 0.0073
7.9433 4.53308e-06 0.0075
7.5858 4.42752e-06 0.0076
7.2444 4.24892e-06 0.0077
6.9183 3.99625e-06 0.008
6.6069 3.83133e-06 0.0081
6.3096 3.67416e-06 0.0083
6.0256 3.50382e-06 0.0085
5.7544 3.4011e-06 0.0087
5.4954 3.20314e-06 0.0089
5.2481 3.0901e-06 0.0091
5.0119 2.91331e-06 0.0094
4.7863 2.77704e-06 0.0096
4.5709 2.70168e-06 0.0097
4.3652 2.4983e-06 0.0101
4.1687 2.47275e-06 0.0102
3.9811 2.33338e-06 0.0105
3.8019 2.22808e-06 0.0107
3.6308 2.07813e-06 0.0111
3.4674 2.04794e-06 0.0112
3.3113 1.95967e-06 0.0114
3.1623 1.83269e-06 0.0118
3.02 1.73642e-06 0.0122
2.884 1.68919e-06 0.0123
2.7542 1.5666e-06 0.0128
2.6303 1.49976e-06 0.0131
2.5119 1.47188e-06 0.0132
2.3988 1.38542e-06 0.0136
2.2909 1.3098e-06 0.014
2.1878 1.26515e-06 0.0142
2.0893 1.23754e-06 0.0144
1.9953 1.18076e-06 0.0148
1.9055 1.12449e-06 0.0151
1.8197 1.07752e-06 0.0154
1.7378 1.00216e-06 0.016
1.6596 9.55704e-07 0.0164
1.5849 9.27314e-07 0.0167
1.5136 8.65373e-07 0.0172
1.4454 8.38015e-07 0.0175
1.3804 8.02141e-07 0.0179
1.3183 8.07045e-07 0.0179
1.2589 7.16455e-07 0.019
1.2023 7.02519e-07 0.0191
1.1482 6.46513e-07 0.02
1.0965 6.29737e-07 0.0202
1.0471 6.10123e-07 0.0205
1 5.82249e-07 0.021
0.95499 5.65989e-07 0.0213
0.91201 5.22114e-07 0.0222
0.87096 5.03016e-07 0.0226
0.83176 4.95531e-07 0.0228
0.79433 4.8624e-07 0.023
0.75858 4.36687e-07 0.0243
0.72444 4.11652e-07 0.025
0.69183 4.16556e-07 0.0249
0.66069 3.8352e-07 0.0259
0.63096 3.59518e-07 0.0268
0.60256 3.46356e-07 0.0273
0.57544 3.44549e-07 0.0274
0.54954 3.21063e-07 0.0283
0.52481 2.96028e-07 0.0295
0.50119 2.90866e-07 0.0298
0.47863 2.67122e-07 0.0311
0.45709 2.71768e-07 0.0308
0.43652 2.64283e-07 0.0312
0.41687 2.32022e-07 0.0333
0.39811 2.39765e-07 0.0328
0.38019 2.15246e-07 0.0346
0.36308 2.29699e-07 0.0335
0.34674 2.00277e-07 0.0359
0.33113 1.85824e-07 0.0373
0.31623 1.85824e-07 0.0373
0.302 1.6879e-07 0.0391
0.2884 1.64919e-07 0.0395
0.27542 1.56918e-07 0.0405
0.26303 1.53047e-07 0.0411
0.25119 1.5537e-07 0.0407
0.23988 1.48917e-07 0.0416
0.22909 1.33174e-07 0.044
0.21878 1.19237e-07 0.0465
0.20893 1.34723e-07 0.0438
0.19953 1.08656e-07 0.0487
0.19055 1.15882e-07 0.0472
0.18197 1.06333e-07 0.0493
0.17378 1.00139e-07 0.0508
0.16596 9.44606e-08 0.0523
0.15849 9.2654e-08 0.0528
0.15136 9.03312e-08 0.0534
0.14454 8.104e-08 0.0564
0.13804 8.3879e-08 0.0555
0.13183 7.51039e-08 0.0586
0.12589 6.83936e-08 0.0614
0.12023 7.2523e-08 0.0596
0.11482 6.60708e-08 0.0625
0.10965 6.3748e-08 0.0636
0.10471 6.32318e-08 0.0639
0.1 6.27157e-08 0.0641
0.095499 5.7812e-08 0.0668
0.091201 5.36825e-08 0.0693
0.087096 4.9295e-08 0.0724
0.083176 4.74884e-08 0.0737
0.079433 4.31009e-08 0.0774
0.075858 4.28428e-08 0.0776
0.072444 3.58744e-08 0.0848
0.069183 3.4842e-08 0.0861
0.066069 3.4842e-08 0.0861
0.063096 3.92295e-08 0.0811
0.060256 3.2003e-08 0.0898
0.057544 3.04545e-08 0.0921
0.054954 3.09707e-08 0.0913
0.052481 2.70994e-08 0.0976
0.050119 3.04545e-08 0.0921
0.047863 2.8906e-08 0.0945
0.045709 2.83898e-08 0.0953
0.043652 2.40023e-08 0.1037
0.041687 2.27118e-08 0.1066
0.039811 2.29699e-08 0.106
0.038019 2.09052e-08 0.1111
0.036308 2.24538e-08 0.1072
0.034674 1.96148e-08 0.1147
0.033113 1.83243e-08 0.1187
0.031623 2.19376e-08 0.1085
0.0302 1.67758e-08 0.124
0.02884 2.01309e-08 0.1132
0.027542 1.29045e-08 0.1414
0.026303 1.1614e-08 0.1491
0.025119 1.60015e-08 0.127
0.023988 1.36787e-08 0.1374
0.022909 1.23883e-08 0.1443
0.021878 1.47111e-08 0.1324
0.020893 1.34206e-08 0.1387
0.019953 1.29045e-08 0.1414
0.019055 1.08397e-08 0.1543
0.018197 1.1614e-08 0.1491
0.017378 9.29121e-09 0.1667
0.016596 7.74267e-09 0.1826
0.015849 1.18721e-08 0.1474
0.015136 1.00655e-08 0.1601
0.014454 9.5493e-09 0.1644
0.013804 8.77503e-09 0.1715
0.013183 7.48458e-09 0.1857
0.012589 4.12943e-09 0.25
0.012023 8.25885e-09 0.1768
0.011482 5.67796e-09 0.2132
0.010965 5.41987e-09 0.2182
0.010471 4.90369e-09 0.2294
0.01 5.41987e-09 0.2182
0.0095499 4.90369e-09 0.2294
0.0091201 4.6456e-09 0.2357
0.0087096 4.6456e-09 0.2357
0.0083176 4.38751e-09 0.2425
0.0079433 3.35516e-09 0.2773
0.0075858 3.61325e-09 0.2673
0.0072444 3.09707e-09 0.2887
0.0069183 2.58089e-09 0.3162
0.0066069 3.61325e-09 0.2673
0.0063096 3.35516e-09 0.2773
0.0060256 3.09707e-09 0.2887
0.0057544 4.6456e-09 0.2357
0.0054954 4.90369e-09 0.2294
0.0052481 3.61325e-09 0.2673
0.0050119 3.09707e-09 0.2887
0.0047863 3.09707e-09 0.2887
0.0045709 3.87134e-09 0.2582
0.0043652 1.54853e-09 0.4082
0.0041687 3.09707e-09 0.2887
0.0039811 2.06471e-09 0.3536
0.0038019 2.58089e-09 0.3162
0.0036308 1.03236e-09 0.5
0.0034674 2.3228e-09 0.3333
0.0033113 1.54853e-09 0.4082
0.0031623 1.54853e-09 0.4082
0.0030199 2.83898e-09 0.3015
0.002884 2.3228e-09 0.3333
0.0027542 1.54853e-09 0.4082
0.0026303 1.03236e-09 0.5
0.0025119 2.06471e-09 0.3536
0.0023988 1.80662e-09 0.378
0.0022909 7.74267e-10 0.5773
0.0021878 7.74267e-10 0.5773
0.0020893 1.03236e-09 0.5
0.0019953 1.54853e-09 0.4082
0.0019055 1.54853e-09 0.4082
0.0018197 7.74267e-10 0.5773
0.0017378 1.29045e-09 0.4472
0.0016596 7.74267e-10 0.5773
0.0015849 1.54853e-09 0.4082
0.0015136 5.16178e-10 0.7071
0.0014454 1.03236e-09 0.5
0.0013804 7.74267e-10 0.5773
0.0013183 5.16178e-10 0.7071
0.0012589 5.16178e-10 0.7071
0.0012023 1.54853e-09 0.4082
0.0011481 5.16178e-10 0.7071
0.0010965 2.58089e-10 1
0.0010471 2.58089e-10 1
0.001 5.16178e-10 0.7071
0.00095499 0 0
0.00091201 2.58089e-10 1
0.00087096 1.29045e-09 0.4472
0.00083176 0 0
0.00079433 0 0
0.00075858 5.16178e-10 0.7071
0.00072444 7.74267e-10 0.5773
0.00069183 5.16178e-10 0.7071
0.00066069 0 0
0.00063096 0 0
0.00060256 5.16178e-10 0.7071
0.00057544 7.74267e-10 0.5773
0.00054954 0 0
0.00052481 5.16178e-10 0.7071
0.00050119 5.16178e-10 0.7071
0.00047863 5.16178e-10 0.7071
0.00045709 5.16178e-10 0.7071
0.00043652 2.58089e-10 1
0.00041687 0 0
0.00039811 2.58089e-10 1
0.00038019 2.58089e-10 1
0.00036308 0 0
0.00034674 2.58089e-10 1
0.00033113 2.58089e-10 1
0.00031623 2.58089e-10 1
0.00030199 0 0
0.0002884 0 0
0.00027542 0 0
0.00026303 2.58089e-10 1
0.00025119 2.58089e-10 1
0.00023988 2.58089e-10 1
0.00022909 0 0
0.00021878 0 0
0.00020893 2.58089e-10 1
0.00019953 0 0
0.00019055 2.58089e-10 1
0.00018197 0 0
0.00017378 0 0
0.00016596 0 0
0.00015849 0 0
0.00015136 2.58089e-10 1
0.00014454 0 0
0.00013804 2.58089e-10 1
0.00013183 2.58089e-10 1
0.00012589 5.16178e-10 0.7071
0.00012023 0 0
0.00011482 0 0
0.00010965 0 0
0.00010471 0 0
0.0001 0 0
9.5499e-05 0 0
9.1201e-05 0 0
8.7096e-05 0 0
8.3176e-05 0 0
7.9433e-05 0 0
7.5858e-05 0 0
7.2444e-05 0 0
6.9183e-05 0 0
6.6069e-05 0 0
6.3096e-05 0 0
6.0256e-05 0 0
5.7544e-05 2.58089e-10 1
5.4954e-05 0 0
5.2481e-05 0 0
5.0119e-05 2.58089e-10 1
4.7863e-05 2.58089e-10 1
4.5709e-05 0 0
4.3652e-05 0 0
4.1687e-05 0 0
3.9811e-05 0 0
3.8019e-05 0 0
3.6308e-05 0 0
3.4674e-05 0 0
3.3113e-05 0 0
3.1623e-05 0 0
3.02e-05 0 0
2.884e-05 0 0
2.7542e-05 0 0
2.6303e-05 0 0
2.5119e-05 0 0
2.3988e-05 0 0
2.2909e-05 0 0
2.1878e-05 0 0
2.0893e-05 0 0
1.9953e-05 0 0
1.9055e-05 0 0
1.8197e-05 0 0
1.7378e-05 0 0
1.6596e-05 0 0
1.5849e-05 0 0
1.5136e-05 0 0
1.4454e-05 0 0
1.3804e-05 0 0
1.3183e-05 0 0
1.2589e-05 2.58089e-10 1
1.2023e-05 0 0
1.1482e-05 0 0
1.0965e-05 0 0
1.0471e-05 0 0
1e-05 0 0
9.5499e-06 0 0
9.1201e-06 0 0
8.7096e-06 0 0
8.3176e-06 0 0
7.9433e-06 0 0
7.5858e-06 0 0
7.2444e-06 0 0
6.9183e-06 0 0
6.6069e-06 0 0
6.3096e-06 0 0
6.0256e-06 0 0
5.7544e-06 0 0
5.4954e-06 0 0
5.2481e-06 0 0
5.0119e-06 0 0
4.7863e-06 0 0
4.5709e-06 0 0
4.3652e-06 0 0
4.1687e-06 0 0
3.9811e-06 0 0
3.8019e-06 0 0
3.6308e-06 0 0
3.4674e-06 0 0
3.3113e-06 0 0
3.1623e-06 0 0
3.02e-06 0 0
2.884e-06 0 0
2.7542e-06 0 0
2.6303e-06 0 0
2.5119e-06 0 0
2.3988e-06 0 0
2.2909e-06 0 0
2.1878e-06 0 0
2.0893e-06 0 0
1.9953e-06 0 0
1.9055e-06 0 0
1.8197e-06 0 0
1.7378e-06 0 0
1.6596e-06 0 0
1.5849e-06 0 0
1.5136e-06 0 0
1.4454e-06 0 0
1.3804e-06 0 0
1.3183e-06 0 0
1.2589e-06 0 0
1.2023e-06 0 0
1.1481e-06 0 0
1.0965e-06 0 0
1.0471e-06 0 0
1e-06 0 0
9.5499e-07 0 0
9.1201e-07 0 0
8.7096e-07 0 0
8.3176e-07 0 0
7.9433e-07 0 0
7.5858e-07 0 0
7.2444e-07 0 0
6.9183e-07 0 0
6.6069e-07 0 0
6.3096e-07 0 0
6.0256e-07 0 0
5.7544e-07 0 0
5.4954e-07 0 0
5.2481e-07 0 0
5.0119e-07 2.58089e-10 1
4.7863e-07 0 0
4.5709e-07 0 0
4.3652e-07 0 0
4.1687e-07 0 0
3.9811e-07 0 0
3.8019e-07 0 0
3.6308e-07 0 0
3.4674e-07 0 0
3.3113e-07 0 0
3.1623e-07 0 0
3.0199e-07 0 0
2.884e-07 0 0
2.7542e-07 0 0
2.6303e-07 0 0
2.5119e-07 0 0
2.3988e-07 0 0
2.2909e-07 0 0
2.1878e-07 0 0
2.0893e-07 0 0
1.9953e-07 0 0
1.9055e-07 0 0
1.8197e-07 0 0
1.7378e-07 0 0
1.6596e-07 0 0
1.5849e-07 0 0
1.5136e-07 0 0
1.4454e-07 0 0
1.3804e-07 0 0
1.3183e-07 0 0
1.2589e-07 0 0
1.2023e-07 0 0
1.1481e-07 0 0
1.0965e-07 0 0
1.0471e-07 0 0
1e-07 0 0
9.5499e-08 0 0
9.1201e-08 0 0
8.7096e-08 0 0
8.3176e-08 0 0
7.9433e-08 0 0
7.5858e-08 0 0
7.2444e-08 0 0
6.9183e-08 0 0
6.6069e-08 0 0
6.3096e-08 0 0
6.0256e-08 0 0
5.7544e-08 0 0
5.4954e-08 0 0
5.2481e-08 0 0
5.0119e-08 0 0
4.7863e-08 0 0
4.5709e-08 0 0
4.3652e-08 0 0
4.1687e-08 0 0
3.9811e-08 0 0
3.8019e-08 0 0
3.6308e-08 0 0
3.4674e-08 0 0
3.3113e-08 0 0
3.1623e-08 0 0
3.0199e-08 0 0
2.884e-08 0 0
2.7542e-08 0 0
2.6303e-08 0 0
2.5119e-08 0 0
2.3988e-08 0 0
2.2909e-08 0 0
2.1878e-08 0 0
2.0893e-08 0 0
1.9953e-08 0 0
1.9055e-08 0 0
1.8197e-08 0 0
1.7378e-08 0 0
1.6596e-08 0 0
1.5849e-08 0 0
1.5136e-08 0 0
1.4454e-08 0 0
1.3804e-08 0 0
1.3183e-08 0 0
1.2589e-08 0 0
1.2023e-08 0 0
1.1481e-08 0 0
1.0965e-08 0 0
1.0471e-08 0 0
1e-08 0 0
9.5499e-09 0 0
9.1201e-09 0 0
8.7096e-09 0 0
8.3176e-09 0 0
7.9433e-09 0 0
7.5858e-09 0 0
7.2444e-09 0 0
6.9183e-09 0 0
6.6069e-09 0 0
6.3096e-09 0 0
6.0256e-09 0 0
5.7544e-09 0 0
5.4954e-09 0 0
5.2481e-09 0 0
5.0119e-09 0 0
4.7863e-09 0 0
4.5709e-09 0 0
4.3652e-09 0 0
4.1687e-09 0 0
3.9811e-09 0 0
3.8019e-09 0 0
3.6308e-09 0 0
3.4674e-09 0 0
3.3113e-09 0 0
3.1623e-09 0 0
3.02e-09 0 0
2.884e-09 0 0
2.7542e-09 0 0
2.6303e-09 0 0
2.5119e-09 0 0
2.3988e-09 0 0
2.2909e-09 0 0
2.1878e-09 0 0
2.0893e-09 0 0
1.9953e-09 0 0
1.9055e-09 0 0
1.8197e-09 0 0
1.7378e-09 0 0
1.6596e-09 0 0
1.5849e-09 0 0
1.5136e-09 0 0
1.4454e-09 0 0
1.3804e-09 0 0
1.3183e-09 0 0
1.2589e-09 0 0
1.2023e-09 0 0
1.1482e-09 0 0
1.0965e-09 0 0
1.0471e-09 0 0
1e-09 0 0
9.5499e-10 0 0
9.1201e-10 0 0
8.7096e-10 0 0
8.3176e-10 0 0
7.9433e-10 0 0
7.5858e-10 0 0
7.2444e-10 0 0
6.9183e-10 0 0
6.6069e-10 0 0
6.3096e-10 0 0
6.0256e-10 0 0
5.7544e-10 0 0
5.4954e-10 0 0
5.2481e-10 0 0
5.0119e-10 0 0
4.7863e-10 0 0
4.5709e-10 0 0
4.3652e-10 0 0
4.1687e-10 0 0
3.9811e-10 0 0
3.8019e-10 0 0
3.6308e-10 0 0
3.4674e-10 0 0
3.3113e-10 0 0
3.1623e-10 0 0
3.0199e-10 0 0
2.884e-10 0 0
2.7542e-10 0 0
2.6303e-10 0 0
2.5119e-10 0 0
2.3988e-10 0 0
2.2909e-10 0 0
2.1878e-10 0 0
2.0893e-10 0 0
1.9953e-10 0 0
1.9055e-10 0 0
1.8197e-10 0 0
1.7378e-10 0 0
1.6596e-10 0 0
1.5849e-10 0 0
1.5136e-10 0 0
1.4454e-10 0 0
1.3804e-10 0 0
1.3183e-10 0 0
1.2589e-10 0 0
1.2023e-10 0 0
1.1482e-10 0 0
1.0965e-10 0 0
1.0471e-10 0 0
1e-10 0 0
9.5499e-11 0 0
9.1201e-11 0 0
8.7096e-11 0 0
8.3176e-11 0 0
7.9433e-11 0 0
7.5858e-11 0 0
7.2444e-11 0 0
6.9183e-11 0 0
6.6069e-11 0 0
6.3096e-11 0 0
6.0256e-11 0 0
5.7544e-11 0 0
5.4954e-11 0 0
5.2481e-11 0 0
5.0119e-11 0 0
4.7863e-11 0 0
4.5709e-11 0 0
4.3652e-11 0 0
4.1687e-11 0 0
3.9811e-11 0 0
3.8019e-11 0 0
3.6308e-11 0 0
3.4674e-11 0 0
3.3113e-11 0 0
3.1623e-11 0 0
3.0199e-11 0 0
2.884e-11 0 0
2.7542e-11 0 0
2.6303e-11 0 0
2.5119e-11 0 0
2.3988e-11 0 0
2.2909e-11 0 0
2.1878e-11 0 0
2.0893e-11 0 0
1.9953e-11 0 0
1.9055e-11 0 0
1.8197e-11 0 0
1.7378e-11 0 0
1.6596e-11 0 0
1.5849e-11 0 0
1.5136e-11 0 0
1.4454e-11 0 0
1.3804e-11 0 0
1.3183e-11 0 0
1.2589e-11 0 0
1.2023e-11 0 0
1.1482e-11 0 0
1.0965e-11 0 0
1.0471e-11 0 0
